4003
1083
473
9024
5967
2800
7067
4130
8085
7432
4312
5014
4211
8596
4426
8538
3844
2997
6722
5697
5902
311
3644
5603
2597
6295
6558
4389
6557
3778
6091
5072
1596
5020
1572
7633
4510
6154
3934
9644
1298
7804
399
7150
2434
3530
9889
8766
4160
4826
9465
222
1339
5772
2993
7268
5105
7042
9489
3791
3663
143
5133
4857
1379
5530
6920
9656
9106
6991
9542
5760
7718
802
8319
937
6191
1985
4191
344
1403
7526
9402
5372
1920
9733
8685
7543
8837
8600
9055
7640
545
1861
5159
2753
7131
5832
9527
6442
9792
5922
6950
7217
9843
4414
3340
571
4687
5852
7878
7196
9080
4812
8345
4191
8480
8200
179
4002
4309
1710
8477
3330
4615
8825
4428
9182
728
8075
8807
1706
8812
3225
3683
4227
9631
7219
458
5785
6758
62
8427
7806
4301
96
394
5162
9888
3384
4328
5849
2901
3111
7549
8513
4727
3487
9730
227
3021
8102
5963
4029
2137
4630
7537
1354
4669
2165
3406
1111
2119
9532
7730
5763
1597
1767
7826
6930
83
9768
6112
3806
8234
6584
7173
9403
4530
362
6523
4244
656
2989
3256
3783
5467
9407
6756
1354
3728
3097
4747
9433
4310
2971
8462
526
892
8500
5540
1067
382
1613
6414
9654
7014
7779
9657
8737
463
3312
2396
7846
1460
9653
8016
1724
2071
9974
4511
2024
9310
5986
5238
5426
808
909
8324
7667
3070
9260
9157
3768
2772
5484
424
1318
5774
3599
3531
8330
511
1476
2136
4843
1181
2578
5001
7423
8753
7456
7624
7878
5914
7508
4401
9767
2385
3303
456
1222
3335
3330
5319
5598
4010
7047
3072
8416
2614
3597
6977
2216
1257
5001
1653
2937
7039
4374
8087
4901
828
3234
9585
6730
4232
8196
242
3228
7748
5005
1726
6331
5819
5034
6592
1105
7059
1955
9691
794
6595
6755
8590
4384
1102
245
9733
3234
734
55
7596
8913
2652
1966
7007
1095
3084
1174
3820
6948
9061
8099
9898
8582
1389
2137
8435
1892
8740
6404
877
5495
9431
2165
7446
3462
4485
8282
4189
3052
5566
6841
5086
6680
9863
6968
1189
7201
793
1004
5796
8948
6650
1165
2319
8236
3187
690
5493
6860
2016
4606
9049
1435
6599
2374
6174
3741
9696
9501
4081
1546
4899
5919
8352
6622
5150
1526
4057
3421
2549
2588
1357
8704
7156
9054
9843
1967
2529
1801
9832
7789
1788
6757
980
8875
3576
4170
3193
3290
6611
6786
2549
1201
5553
557
6598
7942
6007
2683
157
6173
8963
4634
9003
6075
4537
9596
5912
5845
2537
5795
3090
7370
4380
5804
3778
9161
3244
5798
5259
5569
8979
4781
2204
5107
9836
1704
4069
6405
9526
2731
1142
7270
1559
8841
9474
1946
9101
1753
7234
7841
9440
1812
4215
6360
7827
2825
5207
2107
7497
8781
4713
2725
8500
4226
6539
6326
9800
5347
8304
3663
5518
7641
3608
4957
405
8941
423
1456
4787
6123
4215
1319
7130
9391
7465
1418
2213
2142
4503
5524
5537
4420
9605
7803
5225
8597
9302
3036
137
3714
4155
9000
4932
4267
7654
9093
9489
9099
6637
706
4496
5940
1081
4540
5611
5624
7774
9110
5399
6001
4949
9560
3546
1246
9605
6870
3398
5002
17
3067
8707
6474
667
6643
3756
707
565
1106
7071
6886
6008
6052
1896
6905
3070
9378
3655
5924
137
2605
5021
3444
3303
9547
1174
8911
1949
6411
9968
4677
3696
8806
1243
2127
8178
6308
2344
3686
7561
9720
4595
5363
8348
522
3981
1983
7895
6879
1826
4950
2591
4550
4250
1580
2735
8241
7515
3164
6815
3342
9483
3961
2230
9602
5443
3859
182
2017
4703
41
4966
6988
9762
4453
9006
3767
7286
5016
2395
9317
9585
338
514
6147
4643
1870
6273
7519
5660
7128
3697
9347
8010
8652
920
7249
4656
7484
9867
9676
483
6030
1392
4688
2622
480
865
8192
9557
6617
5341
1802
6406
1997
8296
3353
7211
5148
8355
8519
5916
1911
6246
4317
1554
5184
1962
6392
4726
9374
4243
9161
584
6298
6746
2794
2188
4057
7369
7672
4958
629
9888
513
5222
1370
309
7532
8951
9099
3223
9359
3969
814
2707
4928
9974
8715
2383
9644
3946
3516
1076
6238
8179
2417
1962
4653
9840
723
4059
692
278
3938
3145
2111
8934
7342
8427
511
1114
9742
9554
474
398
33
235
1378
9867
863
8813
6800
3470
1530
8801
9789
9688
9318
8434
5181
9470
8995
3834
9720
9121
4835
908
2614
6536
6572
8864
3031
1049
3611
7464
1180
4198
1331
4802
9381
7540
5297
342
664
1783
8973
3023
3482
5770
4959
4534
8478
4427
7515
7898
3111
8050
2971
6684
2044
1377
9528
7431
5015
4151
3125
5389
4681
5903
1896
5932
1150
3654
2853
5519
8600
8682
4600
9521
9915
8621
7743
9948
9396
1321
562
7855
5143
5309
8000
8591
8403
5382
7431
3044
5588
5609
640
6516
8885
8348
884
669
5280
9716
5439
3788
4468
9657
9568
2075
5666
8342
9
8022
6292
9565
2650
1598
329
3256
5076
663
5665
4585
172
8844
2082
9554
5007
3331
7557
1505
8556
5898
5616
6371
3251
5648
7233
8042
6888
8561
6131
1961
3875
7833
9616
6956
1495
8458
9524
7956
7293
9209
9337
4160
3516
3442
6212
2599
3031
892
7148
3202
1972
966
6322
8007
9700
3489
6177
255
9876
104
6548
8009
6655
9673
4398
2872
5486
5575
2186
6967
6861
4521
1439
6637
4442
9658
5471
6540
6141
7155
5853
4851
2591
6774
5929
9155
600
9505
1034
3278
9913
8498
1158
3627
4178
3770
3025
5510
6802
3402
8543
2517
7689
4922
2120
3270
2123
7977
9927
3684
3027
1214
9294
1176
305
3277
3946
4507
8354
7813
607
6297
7914
1158
3040
7218
8145
4447
8397
507
935
7014
6985
4753
1301
6993
7030
9405
5282
1137
6128
3107
2782
4927
2883
4005
2078
6287
4553
6132
1349
944
5364
3510
1212
1749
7476
3763
558
8334
6438
8185
5378
7503
522
2976
9557
9202
5119
2184
595
4393
5341
6830
9538
6123
2702
7486
4316
8096
3929
3490
7415
6888
8397
2984
3458
9989
6119
5553
2206
6121
5328
4774
246
2697
8487
9765
3421
4289
8406
3194
5715
8658
6322
7865
7603
3302
4836
4535
2668
3748
8192
5112
6938
1455
5071
8562
4400
4553
1869
6529
8085
5797
9504
5076
4424
6329
3523
2149
6896
2354
3119
8726
7797
9330
4181
887
7157
8388
4154
7412
852
5728
9423
3082
8419
7546
1036
410
4443
4197
4537
2982
646
2949
2265
1817
5403
9106
1235
2964
4052
5528
2814
2418
4893
1643
2824
2892
2332
5448
5187
4121
3383
6999
2572
1069
1670
8797
6922
8723
150
9166
2768
4213
1751
6191
3151
2792
179
936
539
1957
3100
6872
6503
81
1904
9940
2687
5662
4315
168
8819
8938
3674
574
1131
5973
871
8363
6108
7841
6166
8230
261
7666
2443
1541
9334
5636
9845
6128
9374
3436
43
5446
3358
311
7634
7934
9216
1854
7784
1766
6478
8763
1456
3911
32
2309
9738
2906
6470
9879
9966
6835
2029
496
5077
44
2722
1219
5108
7853
2065
4606
9254
198
9592
4839
5461
6543
1213
1027
2357
951
4728
2656
6509
7960
286
1970
2899
5484
1436
651
5858
5465
5772
2787
3275
4343
135
5720
9285
1811
151
6798
3618
6252
6504
3591
3232
4602
4538
1982
4680
2334
5605
2734
1718
1973
7882
9423
5862
4470
546
3216
743
1819
1398
2736
6927
7676
3786
3910
8571
230
406
4689
9841
1083
5298
3130
9588
1603
6493
1526
4579
2753
3578
5415
2430
5664
8072
4177
9174
428
6621
7370
1009
5917
4974
2539
8678
8045
7533
2067
4251
5067
9968
4635
6984
7560
2122
6292
3175
9679
3784
7660
4555
9458
7434
4032
554
6207
9579
8683
489
4545
543
413
2130
2659
2457
711
6404
7647
6150
6674
6776
9653
9481
4895
2859
3223
5284
5897
4508
7729
8479
1895
6180
6230
2441
157
1437
8101
7592
7026
6097
5034
894
7501
8464
5553
554
3480
9869
2886
4952
9111
1782
2248
7942
1074
8110
3724
1876
9901
840
8317
4712
6937
9698
4640
6491
9683
764
9638
451
2826
5907
2251
3901
574
5743
4252
9382
6132
2437
582
4199
8838
1626
7224
5547
871
997
2506
3743
3204
46
6711
4437
6198
9721
534
8276
1396
5306
4135
4175
9686
7892
1912
8240
388
1874
5831
4833
4236
608
6530
3047
5267
8855
3562
6492
3107
7155
8294
5687
6306
5619
4580
170
579
2237
6602
3224
9366
5451
6683
3393
858
5030
6085
155
899
8813
5543
4495
502
4146
8495
5437
3666
4257
6385
6940
5113
7230
8820
1138
5339
8922
295
9484
4227
5953
4769
9580
1467
6996
390
4700
507
3614
9445
4371
8511
8021
8478
1651
4086
1198
4257
3771
7862
493
2290
4832
9933
424
6824
3699
5171
8903
9428
5791
2171
8603
6431
9410
8072
9304
8141
8182
2429
3920
1677
8842
2732
1581
706
6353
111
7658
6796
7239
9685
1246
6639
1212
9061
3223
6070
3454
3886
2719
4560
4279
8815
4750
616
5424
9586
27
5474
4192
4019
6016
4065
22
3582
8793
4966
927
8950
696
7363
8868
8034
8665
6670
1507
515
8621
6801
8216
464
1925
9742
2375
4530
7741
127
5289
6028
7954
59
3585
5809
2402
6821
9130
5817
4654
3135
783
1119
8302
3676
9926
6450
9025
5490
5754
8811
7695
8510
7763
62
9710
4402
5492
8649
3165
1961
8113
9929
9713
2284
1563
844
5785
8845
7050
9906
4880
2304
7781
1932
3806
7065
4817
5719
331
9184
2292
9330
5330
385
3845
9786
6269
2720
818
8791
6451
6522
2204
6815
9194
551
4851
8680
9227
7276
4954
9819
2689
3981
1735
20
6541
2047
745
9574
26
7643
406
7275
8408
2590
9648
3961
8999
3389
5444
112
9137
5702
1215
2512
1652
4994
732
1112
4938
8535
4366
3113
375
8794
7975
5593
8431
3777
3155
2723
5458
8375
84
1163
8037
8056
2202
6239
8942
8492
5375
8186
9420
705
9804
9122
8752
5888
3052
3345
3692
5506
8363
4048
3574
6076
8602
7855
1992
757
9714
4674
4456
4168
6257
9830
6943
516
1542
2017
3817
1825
1574
7334
7720
7790
4985
392
9252
7782
900
6070
179
6337
4099
885
193
8950
6147
9723
748
3661
7241
8599
543
9954
979
7743
5609
1287
1993
3233
4713
3633
8654
4363
7337
114
505
341
2388
1031
1691
8396
1684
1959
9180
3514
8524
7948
5383
4257
1999
9294
9070
9639
972
5418
6427
4650
8871
8514
85
772
6548
4783
1547
6794
5666
9377
2576
6831
9586
1751
6787
3446
1763
3465
297
5268
7308
7426
378
5572
6469
8908
1701
2836
1154
1396
1392
3532
4908
8956
6480
63
1246
8303
8465
5690
6857
7087
6626
9193
789
1066
5169
7641
1828
91
6526
6824
4852
3213
9695
3480
306
2586
0
8627
7445
130
340
8425
8462
4919
3580
6164
7498
229
9139
2844
7729
1167
7284
3511
8142
1828
6136
5352
7739
2337
4080
5224
9289
5760
4011
1666
5849
9758
5476
8904
2682
9322
3260
5012
3615
5496
1743
2057
8668
8886
2869
2695
5133
5830
328
4797
8899
6394
2621
2648
3356
7710
5713
5002
1534
9119
1057
2166
6511
9418
2966
4280
884
5567
4443
2978
9861
6611
7532
9120
2681
4293
5629
8605
3875
2200
580
4926
2856
111
2724
9117
7339
2424
6055
8064
6551
8127
5687
807
7721
7427
1337
981
7544
5109
9334
1942
5970
7244
2327
9871
1940
9654
6029
1842
3365
3145
811
7472
3583
4104
8208
8905
4076
3825
9828
2976
1097
7763
9967
4362
8329
9868
7201
837
841
4929
4785
1044
8091
2583
7573
5720
1585
269
4810
7899
5656
6973
6593
2886
687
7288
5686
7011
7986
6206
2350
2876
6935
8959
6637
2306
8084
8891
754
762
1275
4917
3855
5762
1060
3351
7672
513
485
3583
9671
908
7744
8167
3242
2340
1129
8627
3130
1133
67
7219
7512
218
5126
6455
9766
5700
6510
2850
6512
8170
3859
7432
9429
129
9345
3953
9526
1916
5972
3951
7145
8920
1601
6044
3850
5566
3475
6861
9759
7964
6865
3203
5207
141
9433
528
8894
5267
3259
5286
639
4119
5204
8059
5079
8088
6742
3961
6882
2111
7792
5842
2644
9171
1183
1264
9670
9240
2145
8586
1386
8563
4529
7827
9069
2296
2564
6173
7545
244
7167
6315
2356
6727
6003
9300
4744
7401
1110
7602
4160
5517
4863
3514
2011
8802
4462
6743
6048
6534
9990
8399
6431
7350
6103
1399
4480
6977
9772
6978
3466
891
8542
277
3697
684
7203
6150
2365
1880
8807
5650
6036
9466
3813
2781
6787
4617
7842
3716
6126
8157
8182
7391
913
9242
3895
2675
3362
7803
7044
1988
3238
8250
6636
2023
2412
2444
9129
3909
5050
778
7804
715
2722
5433
581
2078
2736
59
8430
1133
9267
95
8070
8175
3301
7699
1573
9451
57
6826
3137
1846
7664
5688
3052
5814
6040
3273
5111
7765
9586
4466
7672
7778
7486
6992
5443
4546
1141
413
8568
6676
7123
17
2105
1089
1983
2676
3909
9890
5752
9025
8774
2396
1534
6727
9268
7574
4537
3513
8884
8251
4378
9301
144
8939
5277
1842
4740
1308
2551
4274
9154
9358
5506
4023
1331
5995
7058
6786
4491
1693
6947
38
5223
1210
5105
203
8454
4091
4900
6463
7553
362
9446
3239
2073
697
3586
9747
6155
4000
5050
7711
1714
6318
2821
293
2889
1601
2051
2304
6619
7408
5871
3404
4633
7925
7264
777
4119
5704
4459
4415
8212
6663
8889
635
6133
2754
9009
7255
6925
7554
5921
2119
8186
377
782
5791
4894
373
2774
7331
2041
415
4110
3623
8672
3040
7565
6757
220
3234
2532
3372
3777
7700
6952
7797
281
5688
6862
5489
3837
3047
3249
2879
4991
1796
7107
8922
3223
7341
2334
1726
3816
5165
86
619
8238
2287
9133
5986
9975
30
1554
860
9883
6407
6679
4074
5897
3808
2029
2151
6159
3634
4558
6170
1173
7137
3191
9832
5671
5420
4240
6918
2558
9040
2313
7308
3113
7575
6803
6341
4397
3917
8457
1474
8054
8051
9209
6526
6569
2285
9218
1996
4008
8791
2683
6717
816
5044
6590
2078
7075
8278
6240
3599
7613
9274
6637
1278
8213
8218
1524
5233
3042
3334
2829
7410
55
2285
3091
1764
9084
6757
2562
6932
2347
2330
5981
9100
7780
5475
3772
3825
1805
6896
9553
8699
2570
5279
4661
6869
7077
382
948
8186
4474
5931
3426
7552
401
4392
1528
7857
6008
6394
8399
5539
3133
4384
7528
5402
3637
8672
8741
7571
1820
7437
2360
6737
8409
1445
3446
8533
77
9639
7223
1958
3672
6082
2412
8832
5336
4984
3165
7992
2352
1073
7279
3965
1329
2572
5007
4667
8999
1120
9102
2250
7490
7281
568
6659
9214
6142
8162
2018
4450
9031
9088
8486
786
5677
8896
8982
7393
8081
9990
5022
999
5790
5493
23
6363
1602
5127
2340
9805
1239
3529
2904
1283
8721
1078
6837
4589
4992
6959
5888
9047
3780
3875
7041
1419
1120
1009
6838
7232
3864
1479
4118
4115
2820
3253
2179
2736
3943
7780
8681
7005
2185
9388
1795
579
2703
4902
5436
6394
205
9727
3443
912
1618
1238
8136
5558
913
6467
516
8360
2640
7619
8197
9654
1001
1332
5398
5379
5278
9193
4589
8489
617
7978
4381
6039
8353
1148
5404
8665
4313
8136
6991
8338
7875
3003
4706
2633
1186
1674
436
1021
8893
7359
5102
9269
2879
7172
9172
8633
8331
2251
9924
5239
7164
3831
380
8291
4427
731
8360
9022
3498
8621
6985
1281
9853
5703
2337
2374
3720
2826
3738
6131
6547
2286
2022
500
7099
1227
5105
3493
5938
2973
6531
9849
6502
9624
3346
7337
6415
3656
2293
5148
3538
8530
2563
4607
4995
5581
5817
6402
7319
2039
6378
5679
9847
9254
8960
8471
3248
2763
4929
3195
4376
7812
2942
7380
75
5135
741
3935
307
2502
854
9113
2662
4284
5202
4114
7529
866
8399
1153
8019
9126
8376
8709
9788
9304
4977
930
7348
1434
6185
8832
6880
9812
5416
8588
2895
4658
6168
2873
9162
8538
5520
8519
2426
9037
6474
2670
676
6522
5606
9511
3599
5561
7688
4583
6422
9067
7005
1977
7097
5483
2923
1415
8238
2065
5382
6421
3925
211
334
1738
1753
1208
7590
7387
8194
9659
5264
5478
2727
7080
2579
6744
5168
2342
7230
9131
6586
9393
9671
8192
4116
5715
9484
9509
3223
9902
2267
307
5138
4152
2301
3478
4147
6724
221
6570
3185
9561
2742
3710
4230
3841
4202
1368
4682
976
8639
6309
9259
111
2291
3451
537
6228
7537
8717
8925
4976
2604
8298
2266
4756
6744
802
5116
3681
4072
6598
1180
1787
7745
1723
4453
5689
8766
3019
7905
123
2013
2616
3773
9320
390
4253
3404
1732
5244
4979
8102
1722
5596
5117
5169
4027
2451
9777
6248
355
8396
1956
4551
5125
3430
6288
7193
9555
7123
8084
8713
2668
1453
808
4580
561
9924
2924
2608
3381
9699
7836
9126
4769
4016
7250
2602
5778
7649
808
1419
1040
9260
7656
3782
3307
9047
5890
6677
7332
9023
1401
2357
8437
4692
5418
2645
7230
6976
1322
2986
4029
5128
2092
4368
1561
2379
283
5786
9451
3048
8810
7322
282
6989
4662
3133
8178
9226
3668
109
6079
7635
3820
5738
4652
6756
2033
2451
9586
3679
1484
4414
1055
3425
8501
7767
7558
8690
5870
4357
9756
6171
9691
7816
4406
4386
2081
6031
8524
9313
4202
3142
6442
5861
435
972
3779
9618
2978
5506
2402
8788
4887
4304
8607
8688
2861
1778
427
8057
253
431
5688
702
8048
9466
3639
400
9967
2961
1119
2818
6649
5507
6247
7177
7504
6095
6416
2099
8640
5127
6274
836
8765
9043
3778
4091
4248
1730
6812
2579
4989
2220
6179
